1552680458.000000, IBI
21.688493,0.750034
22.344773,0.656280
23.110433,0.765660
23.891719,0.781286
24.657379,0.765660
25.469916,0.812537
26.251202,0.781286
26.938733,0.687531
27.751270,0.812537
28.423176,0.671906
29.157585,0.734409
29.860742,0.703157
80.409931,0.812537
81.253719,0.843789
82.081882,0.828163
91.629194,0.781286
92.457357,0.828163
93.207392,0.750034
101.551523,0.687531
102.348435,0.796911
103.114095,0.765660
103.864129,0.750034
104.645415,0.781286
105.301695,0.656280
106.051729,0.750034
106.723635,0.671906
107.379915,0.656280
108.176827,0.796911
115.270901,0.703157
120.161750,0.718783
120.896159,0.734409
121.599316,0.703157
122.239970,0.640654
122.958753,0.718783
123.693162,0.734409
124.349442,0.656280
125.036973,0.687531
125.755756,0.718783
126.458914,0.703157
127.193322,0.734409
127.802725,0.609403
128.584011,0.781286
134.381151,0.765660
135.068683,0.687531
135.678086,0.609403
136.349991,0.671906
137.037523,0.687531
137.662551,0.625029
138.381334,0.718783
144.006592,0.656280
144.694123,0.687531
145.412906,0.718783
146.084812,0.671906
146.803595,0.718783
147.475501,0.671906
148.084903,0.609403
148.756809,0.671906
149.381838,0.625029
150.053744,0.671906
155.335235,0.828163
156.007141,0.671906
156.725924,0.718783
157.460333,0.734409
158.069736,0.609403
158.772893,0.703157
159.429173,0.656280
160.022950,0.593777
160.632353,0.609403
161.288633,0.656280
161.913661,0.625029
162.601193,0.687531
163.210596,0.609403
163.991882,0.781286
168.335830,0.703157
169.038988,0.703157
169.742145,0.703157
173.711076,0.687531
174.289228,0.578151
174.883005,0.593777
175.523659,0.640654
176.211191,0.687531
186.149146,0.625029
186.821052,0.671906
187.446080,0.625029
188.164863,0.718783
188.852395,0.687531
189.586803,0.734409
190.321212,0.734409
193.962003,0.796911
194.696412,0.734409
195.430821,0.734409
196.227732,0.796911
196.946515,0.718783
200.259167,0.671906
203.728076,0.656280
204.384356,0.656280
205.040636,0.656280
208.478293,0.656280
209.212702,0.734409
209.806479,0.593777
210.462759,0.656280
211.056536,0.593777
211.712816,0.656280
212.384722,0.671906
213.025376,0.640654
213.712908,0.687531
214.384813,0.671906
246.433155,0.781286
249.730181,0.640654
250.355210,0.625029
251.089618,0.734409
251.902156,0.812537
252.652190,0.750034
253.433476,0.781286
254.230387,0.796911
255.011673,0.781286
255.761707,0.750034
256.480490,0.718783
257.105519,0.625029
257.793050,0.687531
258.464956,0.671906
259.136862,0.671906
259.855645,0.718783
260.527550,0.671906
261.183830,0.656280
261.871362,0.687531
262.558893,0.687531
263.308928,0.750034
264.058962,0.750034
267.668502,0.718783
268.356034,0.687531
269.012314,0.656280
269.637342,0.625029
270.309248,0.671906
270.965528,0.656280
271.668685,0.703157
272.371843,0.703157
273.043748,0.671906
273.668777,0.625029
274.340683,0.671906
275.028214,0.687531
275.746997,0.718783
276.512657,0.765660
277.215814,0.703157
277.965849,0.750034
278.731509,0.765660
279.481543,0.750034
280.184700,0.703157
280.840980,0.656280
281.512886,0.671906
282.169166,0.656280
285.356812,0.687531
286.044343,0.687531
286.778752,0.734409
287.528786,0.750034
288.278821,0.750034
288.981978,0.703157
289.732012,0.750034
290.419544,0.687531
291.138327,0.718783
291.763355,0.625029
292.435261,0.671906
293.060290,0.625029
293.732195,0.671906
294.325973,0.593777
294.966627,0.640654
298.201150,0.609403
298.841804,0.640654
313.920619,0.734409
314.623777,0.703157
315.326934,0.703157
316.030091,0.703157
316.748874,0.718783
317.467657,0.718783
318.186440,0.718783
318.811468,0.625029
319.499000,0.687531
320.155280,0.656280
320.827186,0.671906
321.530343,0.703157
322.202249,0.671906
322.842903,0.640654
323.499183,0.656280
324.139837,0.640654
324.858620,0.718783
325.593029,0.734409
326.343063,0.750034
327.108723,0.765660
327.874383,0.765660
328.655669,0.781286
329.374452,0.718783
330.046358,0.671906
333.280881,0.640654
333.890284,0.609403
334.562189,0.671906
335.234095,0.671906
335.968504,0.734409
336.734164,0.765660
337.452947,0.718783
338.202981,0.750034
338.953015,0.750034
339.671798,0.718783
340.421833,0.750034
341.109364,0.687531
341.734393,0.625029
342.437550,0.703157
343.078204,0.640654
343.765736,0.687531
344.453267,0.687531
345.140799,0.687531
345.781453,0.640654
346.468984,0.687531
347.172142,0.703157
347.890924,0.718783
348.656585,0.765660
349.344116,0.687531
350.047273,0.703157
350.750430,0.703157
351.437962,0.687531
352.141119,0.703157
352.828650,0.687531
353.484931,0.656280
354.125585,0.640654
354.797491,0.671906
355.438145,0.640654
356.141302,0.703157
356.813208,0.671906
357.531991,0.718783
358.235148,0.703157
358.938305,0.703157
359.641462,0.703157
360.344620,0.703157
361.016525,0.671906
404.581019,0.859414
405.471685,0.890666
406.456105,0.984420
407.409274,0.953169
408.409319,1.000046
409.174979,0.765660
415.862786,0.843789
416.706574,0.843789
417.487860,0.781286
418.347274,0.859414
419.284817,0.937543
420.347366,1.062549
421.238032,0.890666
475.865532,0.656280
476.615566,0.750034
477.287472,0.671906
478.084384,0.796911
481.975187,0.796911
482.772098,0.796911
483.412753,0.640654
484.178413,0.765660
487.600444,0.734409
488.287976,0.687531
489.022384,0.734409
489.725542,0.703157
490.475576,0.750034
491.256862,0.781286
500.288525,0.671906
500.944805,0.656280
501.647962,0.703157
502.351120,0.703157
503.085528,0.734409
503.710557,0.625029
504.413714,0.703157
505.116871,0.703157
511.195274,0.687531
511.820303,0.625029
512.492209,0.671906
513.132863,0.640654
513.836020,0.703157
514.461049,0.625029
515.148580,0.687531
519.226892,0.687531
522.617672,0.687531
523.305204,0.687531
526.539727,0.640654
527.211632,0.671906
527.805410,0.593777
528.367935,0.562526
528.992964,0.625029
529.492987,0.500023
530.055513,0.562526
530.649290,0.593777
531.227441,0.578151
531.883721,0.656280
541.587291,0.687531
542.149816,0.562526
542.774845,0.625029
543.384248,0.609403
543.993651,0.609403
544.665556,0.671906
545.353088,0.687531
546.040619,0.687531
546.743777,0.703157
547.384431,0.640654
548.071962,0.687531
548.775120,0.703157
549.306394,0.531274
549.993925,0.687531
552.900308,0.593777
553.540963,0.640654
554.197243,0.656280
559.447483,0.750034
560.150640,0.703157
560.885049,0.734409
561.588206,0.703157
562.260112,0.671906
569.697952,0.765660
570.447987,0.750034
571.198021,0.750034
571.854301,0.656280
572.557458,0.703157
573.229364,0.671906
573.948147,0.718783
574.635678,0.687531
575.385713,0.750034
576.104496,0.718783
576.807653,0.703157
577.510810,0.703157
578.260844,0.750034
584.589259,0.703157
585.339293,0.750034
586.058076,0.718783
586.823736,0.765660
587.511268,0.687531
588.261302,0.750034
588.933208,0.671906
595.777271,0.671906
596.496054,0.718783
597.167960,0.671906
597.933620,0.765660
598.621151,0.687531
599.339934,0.718783
600.011840,0.671906
600.746248,0.734409
601.449406,0.703157
602.105686,0.656280
602.683837,0.578151
603.371369,0.687531
603.980772,0.609403
604.621426,0.640654
607.840323,0.671906
608.574732,0.734409
609.246638,0.671906
609.887292,0.640654
610.527946,0.640654
611.168601,0.640654
611.778003,0.609403
612.418658,0.640654
613.074938,0.656280
613.778095,0.703157
618.715821,0.750034
619.622113,0.906291
620.544030,0.921917
621.497198,0.953169
622.340987,0.843789
623.294156,0.953169
624.122319,0.828163
624.919230,0.796911
681.921839,0.640654
682.546868,0.625029
683.265651,0.718783
683.937557,0.671906
684.609462,0.671906
685.250117,0.640654
685.953274,0.703157
706.735475,0.859414
711.141927,0.640654
711.829458,0.687531
712.423235,0.593777
716.689056,0.765660
720.939250,0.671906
721.642407,0.703157
722.267436,0.625029
723.017470,0.750034
723.642499,0.625029
724.361282,0.718783
725.048813,0.687531
725.720719,0.671906
726.439502,0.718783
727.111408,0.671906
732.080385,0.640654
732.767917,0.687531
733.408571,0.640654
734.096102,0.687531
734.752383,0.656280
735.471165,0.718783
738.752566,0.703157
739.486974,0.734409
740.158880,0.671906
740.877663,0.718783
741.596446,0.718783
742.268352,0.671906
742.987134,0.718783
743.643414,0.656280
744.330946,0.687531
747.331083,0.562526
751.393769,0.625029
776.098025,0.703157
783.645246,0.906291
784.707794,1.062549
785.785969,1.078174
786.707886,0.921917
787.661054,0.953169
788.598597,0.937543
789.504889,0.906291
790.426806,0.921917
791.473729,1.046923
792.395646,0.921917
793.333189,0.937543
794.301983,0.968794
795.255152,0.953169
796.130192,0.875040
797.177115,1.046923
798.005278,0.828163
798.989698,0.984420
800.005369,1.015671
800.864784,0.859414
801.771075,0.906291
802.708618,0.937543
803.552407,0.843789
804.318067,0.765660
805.255610,0.937543
823.631451,0.687531
824.365860,0.734409
825.100268,0.734409
825.897180,0.796911
826.647214,0.750034
827.381623,0.734409
828.116031,0.734409
828.834814,0.718783
829.569223,0.734409
830.334883,0.765660
831.100543,0.765660
831.913080,0.812537
832.694366,0.781286
840.554101,0.828163
841.335386,0.781286
842.304181,0.968794
842.991712,0.687531
843.757372,0.765660
844.507406,0.750034
882.165380,0.750034
882.899789,0.734409
883.634197,0.734409
887.274989,0.734409
888.056275,0.781286
888.775058,0.718783
889.540718,0.765660
890.275126,0.734409
891.056412,0.781286
896.712921,0.703157
897.462955,0.750034
898.244241,0.781286
898.994276,0.750034
902.635067,0.687531
903.275722,0.640654
908.463459,0.640654
909.119739,0.656280
909.776019,0.656280
910.447925,0.671906
911.151082,0.703157
911.838614,0.687531
912.494894,0.656280
913.182425,0.687531
913.854331,0.671906
914.526237,0.671906
915.213768,0.687531
915.870048,0.656280
916.526328,0.656280
917.198234,0.671906
917.901391,0.703157
918.542045,0.640654
919.229577,0.687531
919.838980,0.609403
920.510885,0.671906
921.198417,0.687531
921.870323,0.671906
925.370483,0.687531
926.058014,0.687531
926.714294,0.656280
927.370574,0.656280
928.089357,0.718783
928.698760,0.609403
929.339415,0.640654
929.964443,0.625029
930.558220,0.593777
931.245752,0.687531
931.886406,0.640654
932.511435,0.625029
933.214592,0.703157
933.949001,0.734409
934.699035,0.750034
935.370941,0.671906
936.074098,0.703157
936.714752,0.640654
937.402284,0.687531
938.074189,0.671906
944.074464,0.718783
944.840124,0.765660
945.590158,0.750034
949.043442,0.671906
949.699722,0.656280
950.356002,0.656280
951.027907,0.671906
958.496999,0.718783
959.215782,0.718783
959.965816,0.750034
960.653348,0.687531
961.340879,0.687531
962.028411,0.687531
962.794071,0.765660
1036.984967,0.828163
1037.781878,0.796911
1038.578790,0.796911
1039.422578,0.843789
1043.094621,0.656280
1043.813404,0.718783
1044.500936,0.687531
1045.282222,0.781286
1045.922876,0.640654
1046.657284,0.734409
1047.297939,0.640654
1048.063599,0.765660
1048.735505,0.671906
1065.330014,0.671906
1065.892540,0.562526
1066.548820,0.656280
1067.126971,0.578151
1075.064835,0.718783
1075.752366,0.687531
1076.330518,0.578151
1077.002424,0.671906
1077.705581,0.703157
1078.299358,0.593777
1078.924387,0.625029
1079.643169,0.718783
1080.236947,0.593777
1080.893227,0.656280
1097.690871,0.609403
1098.362776,0.671906
1098.972179,0.609403
1099.612833,0.640654
1100.347242,0.734409
1101.191031,0.843789
1102.081697,0.890666
1102.972362,0.890666
1103.800525,0.828163
1104.597437,0.796911
1105.331845,0.734409
1106.113131,0.781286
1106.769411,0.656280
1107.394440,0.625029
1108.003843,0.609403
1108.691374,0.687531
1109.285151,0.593777
1109.957057,0.671906
1110.566460,0.609403
1111.285243,0.718783
1111.957149,0.671906
1112.707183,0.750034
1113.457217,0.750034
1114.222877,0.765660
1114.988537,0.765660
1115.722946,0.734409
1116.457355,0.734409
1117.238640,0.781286
1117.941797,0.703157
1118.738709,0.796911
1204.398880,0.640654
1205.055160,0.656280
1205.805194,0.750034
1206.508352,0.703157
1207.242760,0.734409
1211.946100,0.718783
1212.649258,0.703157
1213.399292,0.750034
1214.133701,0.734409
1214.836858,0.703157
1215.602518,0.765660
1216.368178,0.765660
1217.149464,0.781286
1217.930749,0.781286
1218.712035,0.781286
1219.493321,0.781286
1220.290232,0.796911
1221.009015,0.718783
1221.774675,0.765660
1222.555961,0.781286
1223.431001,0.875040
1224.212287,0.781286
1225.056076,0.843789
1225.774858,0.718783
1235.540931,0.843789
1239.056716,0.640654
1247.916497,0.671906
1248.604028,0.687531
1252.572960,0.687531
1253.244866,0.671906
1253.948023,0.703157
1254.666806,0.718783
1255.385589,0.718783
1256.119998,0.734409
1256.854406,0.734409
1257.541938,0.687531
1260.979595,0.703157
1261.667126,0.687531
1262.385909,0.718783
1263.104692,0.718783
1263.807849,0.703157
1264.526632,0.718783
1265.198538,0.671906
1265.901695,0.703157
1266.557975,0.656280
1267.229881,0.671906
1267.948664,0.718783
1268.667447,0.718783
1269.339353,0.671906
1270.105013,0.765660
1270.823796,0.718783
1271.542578,0.718783
1272.198858,0.656280
1272.933267,0.734409
1276.120913,0.578151
1276.777193,0.656280
1277.402222,0.625029
1277.980373,0.578151
1343.436494,0.781286
1344.264657,0.828163
1345.124072,0.859414
1346.030363,0.906291
1354.827641,0.703157
1355.593301,0.765660
1356.327709,0.734409
1357.077744,0.750034
1357.780901,0.703157
1358.484058,0.703157
1359.140338,0.656280
1359.890373,0.750034
1360.531027,0.640654
1361.234184,0.703157
1361.890464,0.656280
1372.000302,0.578151
1372.625330,0.625029
1380.156925,0.656280
1380.813205,0.656280
1386.422837,0.578151
1387.063491,0.640654
1387.657269,0.593777
1388.313549,0.656280
1389.001080,0.687531
1389.672986,0.671906
1390.344892,0.671906
1391.048049,0.703157
1394.298198,0.656280
1394.970103,0.671906
1395.610758,0.640654
1396.220160,0.609403
1396.860815,0.640654
1397.438966,0.578151
1398.157749,0.718783
1398.829655,0.671906
1399.485935,0.656280
1400.173466,0.687531
1400.923501,0.750034
1401.673535,0.750034
1402.392318,0.718783
1403.173604,0.781286
1403.892387,0.718783
1404.579918,0.687531
1405.267450,0.687531
1405.923730,0.656280
1406.595635,0.671906
1407.236290,0.640654
1407.830067,0.593777
1408.533224,0.703157
1409.173878,0.640654
1409.877036,0.703157
1410.548941,0.671906
1411.236473,0.687531
1411.939630,0.703157
1412.736542,0.796911
1413.455324,0.718783
1414.127230,0.671906
1414.892890,0.765660
1415.674176,0.781286
1416.330456,0.656280
