1553538551.000000, IBI
34.407825,0.828163
35.282865,0.875040
36.064151,0.781286
36.767308,0.703157
37.486091,0.718783
38.267377,0.781286
39.126791,0.859414
40.001831,0.875040
40.892497,0.890666
41.673783,0.781286
42.564448,0.890666
43.345734,0.781286
44.048891,0.703157
44.814551,0.765660
45.502083,0.687531
46.220866,0.718783
46.986526,0.765660
47.783437,0.796911
48.642852,0.859414
49.408512,0.765660
50.267926,0.859414
51.158592,0.890666
51.971129,0.812537
64.784215,0.734409
65.487373,0.703157
66.174904,0.687531
66.893687,0.718783
67.643721,0.750034
77.456671,0.687531
78.253582,0.796911
79.050493,0.796911
79.909908,0.859414
80.816199,0.906291
81.706865,0.890666
82.441274,0.734409
83.253811,0.812537
84.035097,0.781286
84.847634,0.812537
85.675797,0.828163
86.503960,0.828163
87.316497,0.812537
88.175911,0.859414
88.941571,0.765660
89.722857,0.781286
90.488517,0.765660
91.176049,0.687531
91.863580,0.687531
92.519860,0.656280
93.269894,0.750034
94.098057,0.828163
94.941846,0.843789
95.785635,0.843789
96.660675,0.875040
97.457586,0.796911
98.254498,0.796911
99.020158,0.765660
99.801443,0.781286
100.488975,0.687531
101.239009,0.750034
102.035921,0.796911
102.817206,0.781286
103.535989,0.718783
104.348526,0.812537
105.004807,0.656280
105.707964,0.703157
106.395495,0.687531
107.051775,0.656280
107.723681,0.671906
108.426838,0.703157
109.161247,0.734409
109.880030,0.718783
115.489661,0.812537
116.302199,0.812537
117.177239,0.875040
118.114782,0.937543
121.693070,0.718783
122.411853,0.718783
123.271268,0.859414
124.161933,0.890666
125.130728,0.968794
126.037019,0.906291
126.990188,0.953169
127.849602,0.859414
128.693391,0.843789
129.521554,0.828163
130.255962,0.734409
131.021622,0.765660
131.740405,0.718783
132.506065,0.765660
133.256100,0.750034
134.115514,0.859414
135.006180,0.890666
135.818717,0.812537
136.662506,0.843789
137.568797,0.906291
138.490714,0.921917
148.850564,0.750034
149.584972,0.734409
150.319381,0.734409
151.069415,0.750034
151.850701,0.781286
152.694489,0.843789
153.460150,0.765660
154.319564,0.859414
155.163352,0.843789
155.929013,0.765660
156.694673,0.765660
157.491584,0.796911
158.288496,0.796911
159.069781,0.781286
159.819816,0.750034
160.601101,0.781286
161.304259,0.703157
161.991790,0.687531
162.663696,0.671906
163.382479,0.718783
164.132513,0.750034
164.960676,0.828163
165.679459,0.718783
166.429493,0.750034
167.101399,0.671906
167.851433,0.750034
168.554590,0.703157
169.257748,0.703157
169.992156,0.734409
170.664062,0.671906
171.382845,0.718783
172.148505,0.765660
172.961042,0.812537
173.820457,0.859414
174.664245,0.843789
175.508034,0.843789
176.351822,0.843789
177.070605,0.718783
177.867517,0.796911
178.586300,0.718783
179.305083,0.718783
180.086368,0.781286
180.805151,0.718783
181.523934,0.718783
182.227091,0.703157
182.867746,0.640654
183.617780,0.750034
184.399066,0.781286
185.149100,0.750034
185.930386,0.781286
186.742923,0.812537
187.602337,0.859414
188.383623,0.781286
189.211786,0.828163
190.024323,0.812537
190.789983,0.765660
191.571269,0.781286
192.383806,0.812537
193.165092,0.781286
194.024506,0.859414
194.915172,0.890666
195.790212,0.875040
196.680878,0.890666
197.571544,0.890666
198.493461,0.921917
199.352875,0.859414
200.196664,0.843789
201.056078,0.859414
201.790487,0.734409
202.493644,0.703157
203.212427,0.718783
203.978087,0.765660
204.774998,0.796911
205.571910,0.796911
206.353196,0.781286
218.681885,0.828163
219.385042,0.703157
220.103825,0.718783
220.900737,0.796911
221.619519,0.718783
222.447682,0.828163
223.197717,0.750034
224.041505,0.843789
224.916545,0.875040
225.791585,0.875040
226.604123,0.812537
227.463537,0.859414
228.338577,0.875040
229.229243,0.890666
230.088657,0.859414
244.229929,0.796911
255.683579,0.796911
256.449239,0.765660
257.214899,0.765660
258.043062,0.828163
258.886850,0.843789
265.699662,0.609403
275.528237,0.859414
276.309523,0.781286
277.137686,0.828163
288.950727,0.765660
289.685135,0.734409
290.403918,0.718783
291.122701,0.718783
291.888361,0.765660
292.654021,0.765660
293.482184,0.828163
294.247844,0.765660
295.076007,0.828163
295.919796,0.843789
296.685456,0.765660
297.466741,0.781286
298.232401,0.765660
298.951184,0.718783
299.669967,0.718783
300.373124,0.703157
317.311400,0.781286
318.233317,0.921917
319.014603,0.781286
319.811514,0.796911
320.624051,0.812537
329.718218,0.781286
330.655761,0.937543
331.437046,0.781286
369.813803,0.937543
370.766972,0.953169
371.735766,0.968794
462.146154,0.859414
462.943066,0.796911
467.662032,0.781286
468.396441,0.734409
469.193352,0.796911
470.005889,0.812537
470.771549,0.765660
471.599712,0.828163
472.459126,0.859414
473.334167,0.875040
474.193581,0.859414
475.006118,0.812537
475.818655,0.812537
476.599941,0.781286
492.131902,0.718783
504.038697,0.843789
504.757480,0.718783
505.601269,0.843789
506.445057,0.843789
507.210717,0.765660
508.023254,0.812537
508.804540,0.781286
509.648329,0.843789
510.413989,0.765660
511.148397,0.734409
511.914057,0.765660
512.648466,0.734409
527.071001,0.703157
527.789784,0.718783
528.446064,0.656280
529.196099,0.750034
529.883630,0.687531
530.571162,0.687531
531.289944,0.718783
531.977476,0.687531
532.696259,0.718783
549.884546,0.781286
550.556451,0.671906
551.306486,0.750034
552.025269,0.718783
552.775303,0.750034
565.354004,0.703157
566.104038,0.750034
566.900949,0.796911
567.650984,0.750034
568.432270,0.781286
569.244807,0.812537
570.057344,0.812537
570.729250,0.671906
571.479284,0.750034
572.229318,0.750034
572.932476,0.703157
573.682510,0.750034
574.385667,0.703157
575.088824,0.703157
584.620511,0.781286
585.370545,0.750034
586.167456,0.796911
586.917491,0.750034
587.698776,0.781286
588.480062,0.781286
589.245722,0.765660
590.011382,0.765660
590.714540,0.703157
591.464574,0.750034
595.277248,0.734409
596.027283,0.750034
596.792943,0.765660
597.621106,0.828163
603.277615,0.703157
603.996397,0.718783
604.699555,0.703157
605.449589,0.750034
609.090381,0.703157
609.840415,0.750034
610.559198,0.718783
611.277981,0.718783
620.372147,0.656280
621.215936,0.843789
621.981596,0.765660
625.513007,0.781286
626.372422,0.859414
627.138082,0.765660
627.981870,0.843789
628.810033,0.828163
629.685073,0.875040
630.419482,0.734409
631.169516,0.750034
631.903925,0.734409
632.669585,0.765660
633.419619,0.750034
634.263408,0.843789
634.950939,0.687531
635.779102,0.828163
636.544762,0.765660
637.310422,0.765660
638.076082,0.765660
638.794865,0.718783
639.482397,0.687531
640.248057,0.765660
640.951214,0.703157
641.779377,0.828163
642.560663,0.781286
643.248194,0.687531
647.717149,0.734409
648.404680,0.687531
653.920558,0.875040
659.842704,0.718783
681.328062,0.859414
682.203102,0.875040
683.109394,0.906291
711.798207,0.796911
712.516990,0.718783
713.204521,0.687531
713.923304,0.718783
724.048768,0.812537
724.783176,0.734409
725.439456,0.656280
731.642865,0.796911
732.330397,0.687531
733.111683,0.781286
733.861717,0.750034
734.674254,0.812537
735.377411,0.703157
736.096194,0.718783
736.783726,0.687531
737.471257,0.687531
738.174414,0.703157
738.846320,0.671906
739.549477,0.703157
740.283886,0.734409
741.096423,0.812537
741.737077,0.640654
742.393358,0.656280
743.096515,0.703157
743.799672,0.703157
744.487203,0.687531
745.174735,0.687531
745.877892,0.703157
746.565423,0.687531
747.377961,0.812537
752.018798,0.703157
752.753207,0.734409
753.440738,0.687531
754.128270,0.687531
754.800175,0.671906
755.487707,0.687531
756.175238,0.687531
756.815893,0.640654
757.503424,0.687531
758.222207,0.718783
758.909739,0.687531
759.644147,0.734409
760.378556,0.734409
761.112964,0.734409
761.831747,0.718783
762.550530,0.718783
763.316190,0.765660
764.034973,0.718783
764.753756,0.718783
765.456913,0.703157
766.175696,0.718783
766.831976,0.656280
767.566385,0.734409
1068.439532,0.781286
1069.252069,0.812537
1069.939601,0.687531
