1548436522.000000, IBI
14.344407,0.890666
15.297575,0.953169
16.235118,0.937543
17.391421,1.156303
18.344590,0.953169
27.266873,0.875040
28.110662,0.843789
28.970076,0.859414
29.876368,0.906291
30.829536,0.953169
31.673325,0.843789
64.690461,0.812537
65.643630,0.953169
66.643676,1.000046
67.706224,1.062549
80.394305,1.000046
81.456854,1.062549
82.613157,1.156303
89.175957,1.078174
102.957838,1.078174
104.067264,1.109426
113.755207,0.984420
114.927136,1.171929
132.412311,1.203180
133.521737,1.109426
134.693666,1.171929
135.928097,1.234432
137.053149,1.125051
138.271954,1.218806
139.475134,1.203180
140.647063,1.171929
141.772115,1.125051
152.585109,1.187554
153.663284,1.078174
171.257839,1.125051
172.445394,1.187554
173.554819,1.109426
174.773625,1.218806
175.945554,1.171929
176.961225,1.015671
178.070651,1.109426
178.992568,0.921917
179.883234,0.890666
180.852028,0.968794
181.898951,1.046923
182.930248,1.031297
183.977171,1.046923
185.102223,1.125051
186.164772,1.062549
187.133566,0.968794
188.274243,1.140677
189.258663,0.984420
194.477652,0.906291
201.259212,0.859414
202.165504,0.906291
203.071795,0.906291
204.087467,1.015671
209.868982,1.000046
210.947156,1.078174
212.103459,1.156303
213.166008,1.062549
214.322310,1.156303
215.494239,1.171929
216.588039,1.093800
217.728716,1.140677
218.838142,1.109426
219.853814,1.015671
220.869485,1.015671
221.900782,1.031297
222.791448,0.890666
223.697740,0.906291
224.744663,1.046923
225.744708,1.000046
226.791631,1.046923
227.963560,1.171929
229.010483,1.046923
230.088657,1.078174
231.135580,1.046923
232.291883,1.156303
233.213800,0.921917
234.088840,0.875040
234.948255,0.859414
235.979552,1.031297
237.057726,1.078174
252.120916,0.906291
253.042833,0.921917
279.372163,0.812537
280.200326,0.828163
280.981612,0.781286
281.809775,0.828163
282.747318,0.937543
283.684860,0.937543
284.841163,1.156303
285.872461,1.031297
286.872506,1.000046
287.919429,1.046923
288.888224,0.968794
289.810141,0.921917
290.857064,1.046923
291.825858,0.968794
292.763401,0.937543
293.841575,1.078174
294.982253,1.140677
296.138556,1.156303
297.404238,1.265683
298.529290,1.125051
299.732470,1.203180
300.795019,1.062549
301.841942,1.046923
302.841987,1.000046
303.920162,1.078174
304.888956,0.968794
306.014008,1.125051
307.154685,1.140677
308.217233,1.062549
309.311033,1.093800
310.420459,1.109426
311.311125,0.890666
312.217417,0.906291
318.373948,1.156303
319.483374,1.109426
320.514671,1.031297
328.233775,1.109426
329.343200,1.109426
330.515129,1.171929
331.718309,1.203180
332.858986,1.140677
334.077792,1.218806
335.249721,1.171929
336.327895,1.078174
337.468572,1.140677
338.562372,1.093800
339.687424,1.125051
340.812475,1.125051
341.843773,1.031297
342.906321,1.062549
343.921993,1.015671
344.859536,0.937543
345.875207,1.015671
346.859627,0.984420
347.859673,1.000046
351.375459,0.828163
352.203622,0.828163
353.047410,0.843789
353.938076,0.890666
354.891245,0.953169
355.781911,0.890666
356.703828,0.921917
357.625745,0.921917
358.469534,0.843789
359.297697,0.828163
360.235240,0.937543
361.172782,0.937543
362.094700,0.921917
363.094745,1.000046
364.047914,0.953169
364.985457,0.937543
365.985503,1.000046
367.032426,1.046923
368.001220,0.968794
369.032517,1.031297
370.032563,1.000046
370.923229,0.890666
371.860772,0.937543
372.892069,1.031297
373.907740,1.015671
374.923412,1.015671
375.985960,1.062549
377.001632,1.015671
377.970426,0.968794
378.970472,1.000046
380.048646,1.078174
381.064318,1.015671
382.173744,1.109426
383.298795,1.125051
384.314467,1.015671
385.377015,1.062549
399.002639,0.703157
399.768299,0.765660
400.549585,0.781286
401.315245,0.765660
402.112156,0.796911
402.893442,0.781286
403.752856,0.859414
404.737277,0.984420
405.768574,1.031297
469.318357,1.046923
470.318403,1.000046
471.334075,1.015671
472.396623,1.062549
473.318541,0.921917
474.224832,0.906291
475.084246,0.859414
475.943661,0.859414
476.740572,0.796911
477.599987,0.859414
478.459401,0.859414
479.303190,0.843789
480.350112,1.046923
484.334670,0.953169
485.397218,1.062549
486.444141,1.046923
487.569193,1.125051
488.772373,1.203180
489.866173,1.093800
491.022476,1.156303
498.913462,0.875040
499.772877,0.859414
500.757297,0.984420
520.445698,0.843789
521.273861,0.828163
522.180152,0.906291
526.664732,0.921917
527.602275,0.937543
528.571070,0.968794
529.461735,0.890666
539.790333,1.000046
540.712250,0.921917
541.681045,0.968794
542.618588,0.937543
543.634259,1.015671
551.931514,0.843789
552.728426,0.796911
553.447208,0.718783
554.165991,0.718783
554.931651,0.765660
555.712937,0.781286
556.462971,0.750034
557.244257,0.781286
558.041169,0.796911
558.916209,0.875040
559.822500,0.906291
560.791295,0.968794
561.806966,1.015671
566.447803,0.937543
567.525978,1.078174
612.606166,1.015671
613.512458,0.906291
614.434375,0.921917
615.371918,0.937543
616.262584,0.890666
630.747622,0.984420
631.669539,0.921917
632.607082,0.937543
633.497748,0.890666
634.310285,0.812537
635.122822,0.812537
635.950985,0.828163
636.763522,0.812537
637.529182,0.765660
638.326094,0.796911
639.201134,0.875040
662.639707,1.062549
663.671004,1.031297
664.764804,1.093800
665.936733,1.171929
667.093036,1.156303
668.233713,1.140677
669.327513,1.093800
670.499442,1.171929
671.608867,1.109426
693.219232,0.984420
694.234903,1.015671
695.219323,0.984420
696.203743,0.984420
697.219415,1.015671
698.141332,0.921917
699.094501,0.953169
700.047669,0.953169
700.953961,0.906291
701.875878,0.921917
702.829046,0.953169
703.719712,0.890666
704.672881,0.953169
705.641675,0.968794
706.594844,0.953169
716.923442,1.187554
718.001616,1.078174
719.064165,1.062549
720.095462,1.031297
721.095508,1.000046
722.204933,1.109426
723.329985,1.125051
724.220651,0.890666
725.267574,1.046923
726.392625,1.125051
727.455174,1.062549
728.533348,1.078174
729.564645,1.031297
730.611568,1.046923
731.783497,1.171929
732.877297,1.093800
733.939846,1.062549
735.002394,1.062549
736.018066,1.015671
737.033737,1.015671
738.080660,1.046923
739.080706,1.000046
740.158880,1.078174
741.221429,1.062549
742.190223,0.968794
743.237146,1.046923
751.737535,0.968794
752.721955,0.984420
753.596995,0.875040
754.409533,0.812537
755.268947,0.859414
756.034607,0.765660
756.831518,0.796911
757.628430,0.796911
758.456593,0.828163
759.347259,0.890666
760.206673,0.859414
761.066087,0.859414
761.988004,0.921917
762.878670,0.890666
763.738085,0.859414
764.644376,0.906291
765.597545,0.953169
772.347854,0.921917
773.394777,1.046923
774.410448,1.015671
775.394868,0.984420
776.348037,0.953169
777.254328,0.906291
778.160620,0.906291
779.113788,0.953169
780.051331,0.937543
781.035751,0.984420
782.020171,0.984420
783.098346,1.078174
783.957760,0.859414
784.848426,0.890666
785.864097,1.015671
786.723512,0.859414
787.645429,0.921917
788.582972,0.937543
789.504889,0.921917
790.379929,0.875040
791.317472,0.937543
792.286266,0.968794
793.223809,0.937543
794.176978,0.953169
795.130147,0.953169
796.005187,0.875040
796.895852,0.890666
797.786518,0.890666
798.677184,0.890666
799.474095,0.796911
800.286633,0.812537
801.099170,0.812537
801.880455,0.781286
802.692993,0.812537
880.165289,1.078174
881.305966,1.140677
882.415392,1.109426
883.493566,1.078174
884.602992,1.109426
885.665541,1.062549
886.743715,1.078174
887.743761,1.000046
888.681304,0.937543
889.618847,0.937543
890.650144,1.031297
891.712692,1.062549
892.712738,1.000046
893.712784,1.000046
894.712830,1.000046
895.697250,0.984420
896.759799,1.062549
897.853599,1.093800
898.947399,1.093800
900.041199,1.093800
901.150625,1.109426
902.181922,1.031297
903.228845,1.046923
904.275768,1.046923
905.228936,0.953169
906.213356,0.984420
907.260279,1.046923
908.135319,0.875040
909.088488,0.953169
909.916651,0.828163
910.697937,0.781286
911.494848,0.796911
912.244882,0.750034
912.994917,0.750034
913.776202,0.781286
914.604365,0.828163
915.416903,0.812537
916.245065,0.828163
917.088854,0.843789
917.979520,0.890666
918.807683,0.828163
919.588969,0.781286
920.354629,0.765660
921.151540,0.796911
921.932826,0.781286
922.745363,0.812537
923.620403,0.875040
924.604823,0.984420
925.557992,0.953169
926.495535,0.937543
927.433078,0.937543
928.308118,0.875040
929.167532,0.859414
930.042572,0.875040
931.058244,1.015671
932.089541,1.031297
933.214592,1.125051
934.386521,1.171929
935.370941,0.984420
936.308484,0.937543
937.183524,0.875040
938.027313,0.843789
938.839850,0.812537
939.683638,0.843789
940.558678,0.875040
941.402467,0.843789
942.246256,0.843789
943.121296,0.875040
944.043213,0.921917
944.918253,0.875040
945.824544,0.906291
946.730836,0.906291
947.590250,0.859414
948.402787,0.812537
949.215325,0.812537
950.043488,0.828163
950.871650,0.828163
951.668562,0.796911
952.449848,0.781286
953.246759,0.796911
953.981168,0.734409
954.762454,0.781286
955.574991,0.812537
956.450031,0.875040
957.278194,0.828163
958.075105,0.796911
958.903268,0.828163
959.747057,0.843789
960.606471,0.859414
961.544014,0.937543
962.559685,1.015671
963.356597,0.796911
964.184760,0.828163
964.981671,0.796911
965.841086,0.859414
966.684874,0.843789
967.606791,0.921917
968.575586,0.968794
969.466252,0.890666
970.419420,0.953169
971.372589,0.953169
972.310132,0.937543
973.357055,1.046923
974.403978,1.046923
975.404023,1.000046
976.435321,1.031297
977.497869,1.062549
978.482289,0.984420
979.513587,1.031297
980.638638,1.125051
981.701187,1.062549
982.794987,1.093800
983.857535,1.062549
984.795078,0.937543
985.810750,1.015671
986.920176,1.109426
987.998350,1.078174
989.060899,1.062549
990.185950,1.125051
991.232873,1.046923
992.232919,1.000046
993.232965,1.000046
994.139256,0.906291
995.217430,1.078174
996.498739,1.281309
997.670668,1.171929
998.811345,1.140677
999.967648,1.156303
1000.998945,1.031297
1001.936488,0.937543
1002.889657,0.953169
1003.795948,0.906291
1004.733491,0.937543
1005.796040,1.062549
1006.733582,0.937543
1007.671125,0.937543
1008.593043,0.921917
1009.436831,0.843789
1010.249368,0.812537
1011.015028,0.765660
1011.749437,0.734409
1012.468220,0.718783
1013.202629,0.734409
1013.937037,0.734409
1014.702697,0.765660
1015.468357,0.765660
1016.249643,0.781286
1017.046555,0.796911
1017.859092,0.812537
1018.718506,0.859414
1019.577920,0.859414
1020.546715,0.968794
1021.593638,1.046923
1022.640561,1.046923
1023.749986,1.109426
1024.828161,1.078174
1025.828207,1.000046
1026.828252,1.000046
1027.875175,1.046923
1028.843970,0.968794
1029.844015,1.000046
1030.812810,0.968794
1031.781604,0.968794
1032.766024,0.984420
1033.828573,1.062549
1034.797367,0.968794
1035.672407,0.875040
1036.750582,1.078174
1041.157033,0.968794
1042.000822,0.843789
1042.813359,0.812537
1043.625896,0.812537
1044.454059,0.828163
1045.219719,0.765660
1054.610774,0.875040
1101.862937,1.125051
1102.941111,1.078174
1104.003660,1.062549
1105.191214,1.187554
1106.222512,1.031297
1107.269434,1.046923
1108.331983,1.062549
1109.378906,1.046923
1110.441455,1.062549
1111.535255,1.093800
1112.566552,1.031297
1124.988996,1.015671
1126.051544,1.062549
1126.973461,0.921917
1128.004759,1.031297
1129.036056,1.031297
1129.926722,0.890666
1130.864264,0.937543
1139.989682,0.765660
1140.755342,0.765660
1141.521002,0.765660
1142.474171,0.953169
1148.208808,1.078174
1149.193228,0.984420
1150.193274,1.000046
1151.115191,0.921917
1152.052734,0.937543
1153.037154,0.984420
1154.115329,1.078174
1155.099749,0.984420
1155.974789,0.875040
1156.974835,1.000046
1157.912378,0.937543
1158.740541,0.828163
1159.537452,0.796911
1160.381241,0.843789
1161.271906,0.890666
1162.131321,0.859414
1163.037612,0.906291
1163.975155,0.937543
1164.897072,0.921917
1165.803364,0.906291
1166.725281,0.921917
1167.600321,0.875040
1168.475361,0.875040
1169.397278,0.921917
1170.272318,0.875040
1171.147358,0.875040
1172.116153,0.968794
1173.084947,0.968794
1174.084993,1.000046
1175.163167,1.078174
1176.163213,1.000046
1181.772845,1.062549
1182.757265,0.984420
1183.851065,1.093800
1184.897988,1.046923
1185.882408,0.984420
1186.851202,0.968794
1187.788745,0.937543
1188.726288,0.937543
1189.710708,0.984420
1193.695266,1.046923
1281.964931,0.968794
1282.996228,1.031297
1283.996274,1.000046
1285.011945,1.015671
1286.105746,1.093800
1287.168294,1.062549
1288.371474,1.203180
1289.418397,1.046923
1290.371566,0.953169
1314.294536,0.875040
1315.247705,0.953169
1316.279002,1.031297
1317.310299,1.031297
1328.998334,0.984420
1330.201514,1.203180
1331.373443,1.171929
1332.435991,1.062549
1333.311031,0.875040
1334.248574,0.937543
1335.279871,1.031297
1336.326794,1.046923
1337.483097,1.156303
1338.623775,1.140677
1339.686323,1.062549
1340.764498,1.078174
1341.764543,1.000046
1342.655209,0.890666
1343.577126,0.921917
1344.577172,1.000046
1345.530341,0.953169
1346.499135,0.968794
1347.546058,1.046923
1348.655484,1.109426
1349.733658,1.078174
1350.780581,1.046923
1351.843130,1.062549
1352.858801,1.015671
1353.905724,1.046923
1355.015150,1.109426
1356.030821,1.015671
1356.983990,0.953169
1357.999661,1.015671
1358.968456,0.968794
1359.890373,0.921917
1360.874793,0.984420
1361.890465,1.015671
1362.859259,0.968794
1363.843679,0.984420
1364.828099,0.984420
1365.734390,0.906291
1366.671933,0.937543
1367.625102,0.953169
1368.468891,0.843789
1369.328305,0.859414
1370.203345,0.875040
1371.047134,0.843789
1371.875297,0.828163
1372.797214,0.921917
1373.812885,1.015671
1374.750428,0.937543
1375.734848,0.984420
1376.719268,0.984420
1377.656811,0.937543
1378.578728,0.921917
1379.531897,0.953169
1380.485066,0.953169
1381.297603,0.812537
1382.219520,0.921917
1383.203940,0.984420
1384.125857,0.921917
1385.016523,0.890666
1385.891563,0.875040
1386.719726,0.828163
1387.547889,0.828163
1388.329175,0.781286
1389.157338,0.828163
1389.954249,0.796911
1390.751161,0.796911
1391.610575,0.859414
1392.407486,0.796911
1490.849493,0.781286
1491.724533,0.875040
1492.630824,0.906291
1493.490238,0.859414
1494.490284,1.000046
1495.459079,0.968794
1510.100374,1.046923
1511.116045,1.015671
1512.116091,1.000046
1513.022382,0.906291
1513.913048,0.890666
1514.834965,0.921917
1515.772508,0.937543
1516.647548,0.875040
1517.585091,0.937543
1522.429063,0.875040
1523.272852,0.843789
1524.007260,0.734409
1524.866675,0.859414
1528.694975,0.906291
1529.741898,1.046923
1530.898201,1.156303
1532.007627,1.109426
1533.163929,1.156303
1534.273355,1.109426
1535.335904,1.062549
1544.773836,0.953169
1545.805133,1.031297
1546.961436,1.156303
1548.023985,1.062549
1554.696165,1.093800
1555.680585,0.984420
1556.633754,0.953169
1557.508794,0.875040
1558.430711,0.921917
1559.633891,1.203180
1563.930963,0.875040
1564.868506,0.937543
1565.931054,1.062549
1567.040480,1.109426
1572.806369,1.031297
1574.040801,1.234432
1575.259606,1.218806
1670.295206,0.875040
1671.138995,0.843789
1672.029661,0.890666
1678.733093,1.046923
1679.748764,1.015671
1680.936318,1.187554
1682.139498,1.203180
1683.202047,1.062549
1684.264596,1.062549
1685.327144,1.062549
1686.249062,0.921917
1698.093354,0.875040
1699.015271,0.921917
1699.999691,0.984420
1701.015363,1.015671
1701.952905,0.937543
1702.874823,0.921917
1703.718611,0.843789
1704.593651,0.875040
1705.515568,0.921917
1706.406234,0.890666
1707.328151,0.921917
1708.359449,1.031297
1709.328243,0.968794
1710.297037,0.968794
1711.297083,1.000046
1712.297129,1.000046
1713.265923,0.968794
1714.422226,1.156303
1715.641032,1.218806
1716.719206,1.078174
1717.859884,1.140677
1718.984935,1.125051
1720.000607,1.015671
1721.016278,1.015671
1722.047575,1.031297
1723.016370,0.968794
1724.047667,1.031297
1725.063338,1.015671
1726.032133,0.968794
1727.047804,1.015671
1734.079376,0.812537
1734.938790,0.859414
1739.923393,0.812537
1740.767182,0.843789
1741.689099,0.921917
1840.037351,0.953169
1841.053023,1.015671
1842.115571,1.062549
1843.224997,1.109426
1844.178166,0.953169
1845.178211,1.000046
1857.491275,0.828163
1858.350689,0.859414
1859.225729,0.875040
1860.132021,0.906291
1861.116441,0.984420
1862.022732,0.906291
1863.022778,1.000046
1864.054075,1.031297
1865.022870,0.968794
1866.022916,1.000046
1867.022961,1.000046
1867.976130,0.953169
1868.991802,1.015671
1870.038724,1.046923
1870.991893,0.953169
1871.991939,1.000046
1872.976359,0.984420
1873.913902,0.937543
1874.867070,0.953169
1875.835865,0.968794
1883.586220,0.906291
1884.555014,0.968794
1885.461305,0.906291
1886.367597,0.906291
1887.195760,0.828163
1888.070800,0.875040
1888.914588,0.843789
1889.867757,0.953169
1890.899054,1.031297
1891.883474,0.984420
1892.899146,1.015671
1893.883566,0.984420
1894.836735,0.953169
1895.789903,0.953169
1896.711820,0.921917
1897.539983,0.828163
1898.415023,0.875040
1899.305689,0.890666
1900.165103,0.859414
1901.087021,0.921917
1906.931038,0.890666
1907.821704,0.890666
1908.681118,0.859414
1909.665538,0.984420
