1553094513.000000, IBI
13.844384,0.734409
14.563167,0.718783
15.266324,0.703157
15.969481,0.703157
16.672638,0.703157
17.438298,0.765660
18.157081,0.718783
18.907115,0.750034
19.641524,0.734409
20.313430,0.671906
21.000961,0.687531
21.641616,0.640654
22.329147,0.687531
23.047930,0.718783
23.672959,0.625029
27.641890,0.765660
28.313796,0.671906
29.016953,0.703157
29.688859,0.671906
30.267010,0.578151
31.032670,0.765660
57.877649,0.578151
58.565181,0.687531
70.550104,0.781286
71.237636,0.687531
77.237911,0.703157
88.769688,0.828163
89.613477,0.843789
90.363511,0.750034
91.097920,0.734409
91.754200,0.656280
92.441731,0.687531
93.129263,0.687531
93.863672,0.734409
94.644957,0.781286
95.441869,0.796911
96.191903,0.750034
96.926312,0.734409
97.629469,0.703157
98.332626,0.703157
98.988906,0.656280
99.645186,0.656280
109.004990,0.921917
109.848778,0.843789
110.630064,0.781286
119.302336,0.750034
122.693116,0.703157
135.553080,0.734409
136.256237,0.703157
137.006271,0.750034
137.740680,0.734409
138.490714,0.750034
139.115743,0.625029
139.787649,0.671906
140.475180,0.687531
141.209589,0.734409
142.115880,0.906291
143.037797,0.921917
143.944089,0.906291
151.413181,0.687531
152.178841,0.765660
153.022629,0.843789
153.882044,0.859414
154.694581,0.812537
155.616498,0.921917
156.538415,0.921917
157.366578,0.828163
158.163490,0.796911
161.788656,0.703157
165.335693,0.750034
166.038850,0.703157
166.804510,0.765660
172.976668,0.687531
176.539331,0.750034
177.273740,0.734409
178.008148,0.734409
178.680054,0.671906
182.008331,0.671906
182.711488,0.703157
183.414646,0.703157
184.102177,0.687531
184.820960,0.718783
185.602246,0.781286
186.492912,0.890666
187.367952,0.875040
188.149237,0.781286
188.836769,0.687531
189.571177,0.734409
192.993209,0.656280
193.711992,0.718783
194.352646,0.640654
195.024552,0.671906
195.758961,0.734409
196.555872,0.796911
197.321532,0.765660
198.040315,0.718783
198.774724,0.734409
199.509132,0.734409
200.243541,0.734409
200.962324,0.718783
201.634230,0.671906
202.290510,0.656280
208.618924,0.687531
209.384584,0.765660
218.791265,0.703157
219.572551,0.781286
220.431965,0.859414
221.291379,0.859414
239.620343,0.703157
240.354752,0.734409
241.026658,0.671906
241.714189,0.687531
242.417346,0.703157
243.089252,0.671906
243.901789,0.812537
244.745578,0.843789
252.511559,0.625029
253.230341,0.718783
253.964750,0.734409
254.761662,0.796911
262.512016,0.687531
263.183922,0.671906
263.887079,0.703157
264.668365,0.781286
265.449651,0.781286
266.230937,0.781286
267.027848,0.796911
271.106160,0.687531
271.809317,0.703157
272.528100,0.718783
273.246883,0.718783
273.934414,0.687531
274.621946,0.687531
275.293851,0.671906
275.981383,0.687531
276.731417,0.750034
277.481452,0.750034
278.231486,0.750034
278.919017,0.687531
279.590923,0.671906
280.215952,0.625029
280.856606,0.640654
281.481635,0.625029
282.153540,0.671906
282.809820,0.656280
283.544229,0.734409
284.247386,0.703157
288.372575,0.718783
295.029130,0.656280
298.435536,0.750034
299.185570,0.750034
299.841850,0.656280
300.560633,0.718783
301.232539,0.671906
301.888819,0.656280
302.576350,0.687531
303.248256,0.671906
306.498405,0.656280
307.185936,0.687531
315.498817,0.609403
316.139471,0.640654
316.780125,0.640654
317.498908,0.718783
318.295820,0.796911
319.092731,0.796911
319.936520,0.843789
320.655303,0.718783
321.264706,0.609403
322.061617,0.796911
322.796026,0.734409
323.530434,0.734409
350.062899,0.671906
350.797307,0.734409
351.469213,0.671906
352.266125,0.796911
352.953656,0.687531
353.703691,0.750034
354.531853,0.828163
355.281888,0.750034
356.047548,0.765660
356.781956,0.734409
357.531991,0.750034
358.250774,0.718783
358.969557,0.718783
359.657088,0.687531
360.297742,0.640654
361.110280,0.812537
361.969694,0.859414
362.907237,0.937543
363.751025,0.843789
369.298154,0.750034
370.001312,0.703157
370.704469,0.703157
385.673904,0.718783
386.455190,0.781286
387.220850,0.765660
392.424213,0.718783
393.189873,0.765660
394.033662,0.843789
394.861825,0.828163
395.689987,0.828163
396.502525,0.812537
397.361939,0.859414
398.330733,0.968794
399.268276,0.937543
406.252971,0.812537
407.128011,0.875040
407.987425,0.859414
408.831214,0.843789
409.643751,0.812537
410.425037,0.781286
411.190697,0.765660
411.925106,0.734409
412.628263,0.703157
413.347046,0.718783
414.112706,0.765660
414.909617,0.796911
415.706529,0.796911
416.519066,0.812537
417.300352,0.781286
417.987883,0.687531
418.659789,0.671906
422.003692,0.671906
422.675598,0.671906
423.316252,0.640654
423.988158,0.671906
424.644438,0.656280
425.285092,0.640654
437.598156,0.968794
438.457570,0.859414
439.301359,0.843789
440.067019,0.765660
440.754550,0.687531
441.410830,0.656280
442.082736,0.671906
442.723390,0.640654
443.348419,0.625029
443.973448,0.625029
447.145468,0.718783
447.942379,0.796911
448.879922,0.937543
454.427051,0.968794
455.270840,0.843789
456.020874,0.750034
456.739657,0.718783
457.442814,0.703157
458.145971,0.703157
458.849128,0.703157
459.521034,0.671906
460.208566,0.687531
460.911723,0.703157
461.755512,0.843789
462.708680,0.953169
463.614972,0.906291
464.458760,0.843789
465.240046,0.781286
466.005706,0.765660
466.818243,0.812537
467.662032,0.843789
468.443318,0.781286
469.208978,0.765660
469.959012,0.750034
470.709046,0.750034
471.505958,0.796911
472.302869,0.796911
473.115407,0.812537
473.865441,0.750034
474.646727,0.781286
475.443638,0.796911
476.256175,0.812537
477.021835,0.765660
477.803121,0.781286
478.553155,0.750034
479.334441,0.781286
480.146978,0.812537
481.068896,0.921917
481.990813,0.921917
482.912730,0.921917
483.709641,0.796911
484.475302,0.765660
485.225336,0.750034
485.944119,0.718783
486.741030,0.796911
487.600445,0.859414
488.444233,0.843789
489.256770,0.812537
490.053682,0.796911
490.788090,0.734409
491.506873,0.718783
492.272533,0.765660
493.053819,0.781286
493.881982,0.828163
494.710145,0.828163
495.507056,0.796911
496.272717,0.765660
497.022751,0.750034
497.788411,0.765660
498.600948,0.812537
499.444737,0.843789
500.194771,0.750034
500.866677,0.671906
501.585460,0.718783
502.319868,0.734409
503.054277,0.734409
503.804311,0.750034
504.523094,0.718783
505.288754,0.765660
506.038789,0.750034
506.820074,0.781286
507.601360,0.781286
508.445149,0.843789
509.304563,0.859414
510.163977,0.859414
510.945263,0.781286
511.695297,0.750034
512.414080,0.718783
513.164115,0.750034
513.929775,0.765660
519.601909,0.765660
520.320692,0.718783
521.008224,0.687531
521.727007,0.718783
522.367661,0.640654
523.039567,0.671906
523.695847,0.656280
524.367753,0.671906
525.102161,0.734409
525.789693,0.687531
526.492850,0.703157
527.211633,0.718783
527.899164,0.687531
528.586696,0.687531
529.274227,0.687531
529.946133,0.671906
530.602413,0.656280
531.321196,0.718783
532.102482,0.781286
532.977522,0.875040
537.899622,0.890666
538.665282,0.765660
539.415316,0.750034
578.323347,0.734409
578.948376,0.625029
579.635907,0.687531
580.229685,0.593777
580.932842,0.703157
581.635999,0.703157
582.323530,0.687531
583.073565,0.750034
583.776722,0.703157
591.855217,0.734409
598.339889,0.703157
602.558832,0.765660
603.293240,0.734409
604.027649,0.734409
607.496558,0.640654
608.168463,0.671906
608.824744,0.656280
609.496649,0.671906
610.168555,0.671906
610.934215,0.765660
611.840507,0.906291
612.762424,0.921917
613.637464,0.875040
614.434375,0.796911
615.293790,0.859414
616.075075,0.781286
624.372330,0.765660
625.184867,0.812537
625.966153,0.781286
626.794316,0.828163
627.606853,0.812537
628.450642,0.843789
629.263179,0.812537
637.638562,0.875040
638.513602,0.875040
639.357391,0.843789
651.842338,0.750034
652.529869,0.687531
653.248652,0.718783
653.951809,0.703157
654.670592,0.718783
655.373749,0.703157
656.045655,0.671906
656.701935,0.656280
657.373841,0.671906
658.076998,0.703157
658.795781,0.718783
659.514564,0.718783
660.202095,0.687531
660.905252,0.703157
661.592784,0.687531
662.327193,0.734409
663.077227,0.750034
663.811635,0.734409
683.125020,0.765660
683.875054,0.750034
684.500082,0.625029
685.218865,0.718783
685.906397,0.687531
686.703308,0.796911
687.500220,0.796911
688.265880,0.765660
689.078417,0.812537
689.797200,0.718783
690.500357,0.703157
691.219140,0.718783
691.891046,0.671906
692.672332,0.781286
698.188209,0.859414
698.953869,0.765660
699.719529,0.765660
700.453938,0.734409
706.610470,0.906291
707.454258,0.843789
708.298047,0.843789
709.157461,0.859414
710.079378,0.921917
716.798436,0.812537
717.689102,0.890666
718.595393,0.906291
719.454808,0.859414
720.251719,0.796911
721.111133,0.859414
722.001799,0.890666
722.814336,0.812537
723.642499,0.828163
724.533165,0.890666
725.470708,0.937543
726.330122,0.859414
727.205162,0.875040
728.080202,0.875040
729.017745,0.937543
729.830282,0.812537
730.642820,0.812537
731.439731,0.796911
732.330397,0.890666
733.236688,0.906291
734.158606,0.921917
754.893930,0.734409
755.628338,0.734409
756.362747,0.734409
764.347487,0.796911
765.113147,0.765660
765.847556,0.734409
766.597590,0.750034
767.394502,0.796911
774.379197,0.593777
775.051102,0.671906
779.629437,0.781286
780.316968,0.687531
781.035751,0.718783
786.020355,0.859414
787.051652,1.031297
788.067323,1.015671
789.098620,1.031297
790.083040,0.984420
790.942455,0.859414
822.506400,0.687531
823.193931,0.687531
823.897089,0.703157
824.615871,0.718783
829.506720,0.796911
830.303632,0.796911
831.069292,0.765660
831.803700,0.734409
832.553735,0.750034
833.303769,0.750034
853.023422,0.765660
857.195488,0.656280
857.804891,0.609403
858.492422,0.687531
859.164328,0.671906
859.789356,0.625029
869.289791,1.015671
870.258586,0.968794
871.243006,0.984420
872.274303,1.031297
873.071214,0.796911
900.822485,0.671906
918.870186,0.687531
919.588969,0.718783
920.292126,0.703157
921.010909,0.718783
921.745318,0.734409
922.495352,0.750034
923.245386,0.750034
924.011046,0.765660
924.729829,0.718783
925.432986,0.703157
929.230035,0.796911
930.058198,0.828163
930.855110,0.796911
931.605144,0.750034
932.355178,0.750034
940.605556,0.781286
941.418093,0.812537
942.371262,0.953169
943.324430,0.953169
944.261973,0.937543
948.840308,0.671906
949.480962,0.640654
950.137242,0.656280
950.777897,0.640654
951.418551,0.640654
952.074831,0.656280
952.762362,0.687531
953.481145,0.718783
954.184303,0.703157
954.918711,0.734409
955.668746,0.750034
956.340651,0.671906
957.012557,0.671906
960.418963,0.703157
961.106494,0.687531
961.778400,0.671906
962.434680,0.656280
963.090960,0.656280
963.934749,0.843789
986.076388,0.687531
986.717042,0.640654
987.404573,0.687531
988.185859,0.781286
989.092151,0.906291
989.967191,0.875040
991.029739,1.062549
991.873528,0.843789
992.811071,0.937543
993.717362,0.906291
994.483022,0.765660
995.264308,0.781286
995.967465,0.703157
996.717500,0.750034
997.623791,0.906291
998.545708,0.921917
999.420748,0.875040
1000.295789,0.875040
1001.123951,0.828163
1002.045869,0.921917
1002.920909,0.875040
1003.780323,0.859414
1004.655363,0.875040
1005.561655,0.906291
1006.405443,0.843789
1007.217980,0.812537
1007.999266,0.781286
1008.827429,0.828163
1009.655592,0.828163
1010.671263,1.015671
1038.860054,0.718783
1039.578837,0.718783
1040.422626,0.843789
1041.328917,0.906291
1042.250834,0.921917
1043.110249,0.859414
1043.907160,0.796911
1044.657194,0.750034
1048.141729,0.656280
1048.813635,0.671906
1049.469915,0.656280
1050.157446,0.687531
1050.938732,0.781286
1051.720018,0.781286
1052.454426,0.734409
1056.767124,0.671906
1057.454655,0.687531
1060.939190,0.750034
1061.657973,0.718783
1062.361130,0.703157
1063.048661,0.687531
1063.689316,0.640654
1073.674148,0.734409
1074.392931,0.718783
1075.111713,0.718783
1075.830496,0.718783
1076.549279,0.718783
1077.299314,0.750034
1077.955594,0.656280
1078.643125,0.687531
1079.330657,0.687531
1080.065065,0.734409
1080.861977,0.796911
1081.627637,0.765660
1085.159048,0.687531
1085.815328,0.656280
1086.471608,0.656280
1087.112263,0.640654
1087.768543,0.656280
1088.456074,0.687531
1089.206109,0.750034
1090.003020,0.796911
1090.784306,0.781286
1091.518714,0.734409
1092.253123,0.734409
1092.971906,0.718783
1093.737566,0.765660
1094.471975,0.734409
1095.237635,0.765660
1095.925166,0.687531
1099.503455,0.718783
1100.222238,0.718783
1100.956646,0.734409
1101.737932,0.781286
1102.550469,0.812537
1103.347381,0.796911
1104.081789,0.734409
1104.800572,0.718783
1105.550607,0.750034
1106.300641,0.750034
1107.050675,0.750034
1107.753833,0.703157
1108.410113,0.656280
1109.113270,0.703157
1109.800801,0.687531
1110.535210,0.734409
1111.253993,0.718783
1111.910273,0.656280
1112.582179,0.671906
1113.254084,0.671906
1113.957242,0.703157
1118.535576,0.671906
1183.272914,0.671906
1183.960446,0.687531
1204.789524,0.703157
1205.602062,0.812537
1206.492727,0.890666
1207.524024,1.031297
1208.445942,0.921917
1209.305356,0.859414
1210.102268,0.796911
1210.852302,0.750034
1211.617962,0.765660
1212.367996,0.750034
1213.102405,0.734409
1213.821188,0.718783
1214.493093,0.671906
1215.180625,0.687531
1215.852531,0.671906
1216.571314,0.718783
1217.383851,0.812537
1218.290142,0.906291
1230.728212,0.750034
1231.431369,0.703157
1232.134526,0.703157
1232.853309,0.718783
1233.587718,0.734409
1237.009749,0.656280
1237.697281,0.687531
1240.916178,0.656280
1241.681838,0.765660
1242.463124,0.781286
1243.244410,0.781286
1243.963192,0.718783
1244.666350,0.703157
1245.307004,0.640654
1245.978910,0.671906
1270.776920,0.609403
1271.433200,0.656280
1272.089480,0.656280
1272.886391,0.796911
